.Random.seed <-
c(403L, 11L, -1024459601L, -2024918346L, -1232867104L, 342506531L, 
-1304149183L, 1826475568L, -739414962L, 1738712249L, 1553899723L, 
143052154L, -650309508L, -551668545L, 1990902165L, -2113254996L, 
-1258300542L, 1390436701L, 1703665751L, -1630996674L, -657621128L, 
-1610361765L, 1934058425L, -789831160L, 1373292726L, 1788964849L, 
973888035L, -1734356366L, -1813296956L, 259481223L, 1213339229L, 
70826068L, -1896002950L, -688377403L, -1259707617L, -1559015770L, 
1128390704L, 467747539L, -2009171727L, -570883040L, -565411138L, 
1679189705L, -960191365L, 1051138634L, 1258954412L, -108766801L, 
1084141925L, 39149340L, 1235092338L, -50364435L, 1390014503L, 
-253286322L, 1986038952L, 1570038443L, -290215991L, -1927734312L, 
-1235883386L, -1331049631L, 360550131L, -1118744222L, -402911276L, 
1322982103L, -1590320947L, 423303268L, -729909686L, 968704949L, 
1320722191L, -1033954282L, -1887541568L, -1989443453L, 398408865L, 
-179596656L, -665792146L, 1463602969L, -1392311381L, -1251806822L, 
-2061793956L, -28525473L, -643349451L, 1597308876L, 841693986L, 
-1495775875L, -2079488393L, 292134814L, -1524007336L, -592619589L, 
-368084647L, -617843992L, -1496077546L, -806519663L, -681766589L, 
422640722L, 194821860L, -1669945049L, 2029521277L, 515194996L, 
-1917836710L, -1547374939L, 1368808639L, -835510458L, 927423952L, 
1939759091L, 1221707537L, -1631189184L, 1508863774L, 1167474665L, 
-1291021029L, -1183584470L, -1491771316L, 1054107663L, -1273191611L, 
-1746860804L, -2135207086L, -1462647603L, 1447060615L, -794927250L, 
581611848L, -906103477L, 647665833L, 576121336L, 490993958L, 
557034049L, -1256094765L, -136359550L, 231667124L, -716480201L, 
589464621L, 1766101316L, -478599574L, -345444139L, -1794466193L, 
-1863148682L, -1173951328L, 403916131L, -1782249983L, -1977334416L, 
-2023287538L, -2097260679L, 1599252235L, 2046068794L, -475801796L, 
630264959L, 1743669205L, -2059851284L, 1782205250L, 124671133L, 
465243415L, -1828076418L, 1748237368L, 2085460763L, 1135448185L, 
1503107272L, -1899745034L, -999796431L, -1739949725L, -1064940750L, 
-2067086204L, -931217209L, 1697471389L, -1597137132L, 1826559418L, 
375272453L, -1690637857L, 214854758L, -1660195856L, 2058204435L, 
-1470526799L, -981080736L, 1963318014L, -1588054391L, -1140194885L, 
1081498506L, 589963884L, -608752657L, -1105087451L, -2132144932L, 
-2023464270L, 1767413165L, -212825753L, -1361729906L, -772878488L, 
1187845995L, 1186386185L, 211691416L, 1305575110L, 498822177L, 
-1368700749L, -1998589406L, -406608876L, 1792014487L, 444275341L, 
-250422364L, 1947993482L, -1829174795L, 280902735L, 2116893526L, 
2090832384L, 1915349827L, -206558495L, -1159440304L, 1359902894L, 
817929305L, -1513714581L, -811843110L, -1693021540L, 2122720415L, 
-820578571L, 1488333708L, 1514244706L, 240209469L, 1254387895L, 
-236359842L, -1273613672L, 1836925435L, 1962105753L, -2034269144L, 
976655574L, 848027985L, -1632354301L, 1387153298L, 236848420L, 
-1535783961L, 1879175229L, -8970572L, 1998484762L, -1573931419L, 
1436965631L, 167174022L, 61681936L, -122865214L, 1319969568L, 
-1817603140L, -2143571888L, -948790302L, -883179672L, -901695668L, 
-737153284L, 1403037426L, -1329947392L, -1101472652L, 100552200L, 
145958330L, 1954801104L, -2122029076L, -755127404L, 49776850L, 
1605579872L, -65016500L, 2033505056L, 1438288514L, 1317163496L, 
2041502700L, -1360998852L, 8341106L, 58305392L, -792842972L, 
-1324279240L, 586219930L, -643420720L, -8370756L, 1162358420L, 
-1833487742L, 1030204864L, 566826812L, -777223536L, -305010910L, 
1864500744L, -707206388L, -849046628L, -902259694L, -896521344L, 
2105010964L, 513602856L, 1613824058L, -1857276976L, 487832172L, 
1156975668L, 445575314L, 1887852896L, 1276878156L, -1564101152L, 
-2132354142L, 2048965544L, -1115214708L, 406873020L, 1644647538L, 
547579888L, -599722940L, -42440616L, -947089350L, -628332432L, 
-1117958596L, -1824667884L, 763521730L, 1898484448L, -1287125892L, 
221228240L, 1634190242L, 1140424232L, -1828450036L, -1355712580L, 
-671907534L, 1203312832L, -1470860748L, 2001038024L, -1874963782L, 
-898163568L, 221787884L, 2014541396L, -315148654L, -410949856L, 
-410970164L, 308865248L, -1567826238L, 716166184L, -78873684L, 
833116860L, -1746689550L, -127584720L, 390649764L, 1305383352L, 
1282468698L, -520231792L, -1910334596L, 1942449940L, 292678978L, 
950783744L, 2069494716L, -1006882992L, 510603554L, 407898696L, 
108402700L, -1935881124L, -1045794350L, 1316435456L, -1940737708L, 
-119246616L, -46223110L, 1373648592L, -645076692L, 827312372L, 
192093586L, 1910892896L, 1894524940L, 23096032L, 835646050L, 
-644969816L, 314886732L, -126773380L, -404021966L, 467945072L, 
751393604L, 163223512L, 1417457530L, -1178649040L, -863062084L, 
1058924116L, -1067116478L, 330404000L, -668258628L, -226481712L, 
-1884781726L, 770712296L, -1570139956L, 1960514044L, 1291450866L, 
-201684352L, -1502456332L, -1280817528L, 846786362L, 1159328592L, 
924709996L, -1026455148L, 1727419474L, 1471973856L, 1550998732L, 
-1410634592L, 1631475074L, -1212063512L, -1477386516L, 15932732L, 
-396305294L, 941092976L, -1140324316L, 1953991736L, 1571313434L, 
695323856L, 1604507452L, -296937580L, -1478190206L, -376729152L, 
-1723539908L, -696322672L, -1796659678L, 1650326792L, 2069509772L, 
907323164L, -8130414L, -1633625728L, 728968724L, 64393000L, -1251777990L, 
644265424L, -1670678164L, -80628812L, -607856622L, 796933600L, 
-1200926772L, -674107168L, 1589340194L, -82190040L, 92569100L, 
-111788228L, -1895724046L, 545188592L, -1380817340L, -1786650024L, 
1026727738L, 528168432L, 491605692L, 1238452500L, 1241402050L, 
-770401184L, 317657980L, -2096650288L, -303808222L, 490396328L, 
892851084L, -1295456068L, -2012735694L, 289020480L, -1352866636L, 
-1294685624L, -1553699398L, -985204208L, 1666734828L, -829896364L, 
1322258706L, 1175276960L, -1662514484L, -1061769632L, 1065164738L, 
1635217192L, 1520828332L, -1770056900L, -341657230L, -1406694608L, 
2090767652L, 1967008568L, 687236826L, 1101741968L, 1971347196L, 
2012140436L, 1191692354L, -496143104L, 1372656700L, 568101153L, 
1216995795L, 115888372L, -2055442046L, 2137388055L, -815865119L, 
1222466598L, -1793177308L, -1574352427L, -1848941185L, 1831935000L, 
1988989750L, -486947389L, 1314548741L, 780461986L, -848665712L, 
-767006919L, 1767003115L, 693871836L, 1118371082L, -736025601L, 
825824841L, -1281694754L, -1380189300L, -1643898019L, 195226471L, 
811393168L, -1216250194L, -1062495397L, -827593923L, 377987498L, 
1561759304L, 963804785L, 1569333219L, -632829212L, -1214598638L, 
2122589671L, 1385705905L, 377247734L, -1854002668L, 90854693L, 
-1306737105L, -85695512L, 1121301702L, -1714859661L, -324797995L, 
-1806234190L, 1959273344L, -93710487L, 1230339035L, -58563796L, 
-1679884998L, 2139620335L, 1640175225L, 1987662094L, 1563283676L, 
-1520736435L, 2028201655L, 909599808L, -1356096226L, 2071058411L, 
-2145551507L, 320092634L, -1925303400L, -978638335L, 810789811L, 
1084861140L, 1553947618L, -434499977L, 1535137729L, 1612498246L, 
-2015308668L, 916109877L, 1639342623L, 266171768L, 1820365910L, 
1127090403L, -837534043L, -94071998L, 198056240L, 1113702745L, 
-38923573L, 1751186236L, 1557418858L, 1706443167L, 1085536297L, 
1887994558L, 1183601580L, 1267335421L, -1240044473L, -2043798736L, 
349850702L, -678862725L, -137718819L, 1223449098L, 1151291176L, 
-485916271L, 405968771L, -1633891196L, -1416086862L, -1002144249L, 
1335770705L, -1549576746L, -1942050636L, 2125485253L, 1244829199L, 
27979400L, -923638874L, 398486355L, 450864309L, 238551570L, 137252832L, 
-1133346231L, 841451643L, -1420445364L, 156036314L, -59495217L, 
-914470759L, -2028698450L, -191127108L, 234240557L, 56331735L, 
-1353358304L, 1782942078L, -351541429L, -189543091L, 1522488186L, 
291161528L, 383457121L, 245735187L, 1554790196L, -1837390526L, 
1787087191L, 1756722337L, 1867640166L, 103018340L, -518463851L, 
-1602103361L, 96353112L, -1630717578L, -357221501L, 277408197L, 
-1875534110L, -949485744L, -1307055495L, 1609264555L, -868322532L, 
